5.244400000000000261e+01
5.245000100000000032e+01
5.241999799999999965e+01
5.334799999999999898e+01
5.284400200000000325e+01
5.450000000000000000e+01
5.500000000000000000e+01
5.400999799999999595e+01
5.225400199999999984e+01
5.392999999999999972e+01
5.347600200000000115e+01
5.248599999999999710e+01
5.115000200000000063e+01
5.285399999999999920e+01
5.253799799999999465e+01
5.352000000000000313e+01
5.325799899999999809e+01
5.200199899999999786e+01
5.271600000000000108e+01
4.990800099999999873e+01
4.871600000000000108e+01
4.763000100000000003e+01
4.742999999999999972e+01
4.700000000000000000e+01
4.797200000000000131e+01
4.944800200000000245e+01
5.111200000000000188e+01
5.107600000000000051e+01
5.206600200000000456e+01
5.041199900000000156e+01
4.720000100000000032e+01
4.055799900000000235e+01
4.610399999999999920e+01
4.558599900000000105e+01
4.620000100000000032e+01
4.837200200000000194e+01
4.912400099999999981e+01
4.806800100000000242e+01
4.906000099999999975e+01
5.041199900000000156e+01
4.817800100000000185e+01
4.900999799999999595e+01
5.040999999999999659e+01
4.944599900000000048e+01
4.952799999999999869e+01
5.022000100000000344e+01
5.054999899999999968e+01
5.060800199999999904e+01
5.279200000000000159e+01
5.159199900000000127e+01
5.279600100000000396e+01
5.180599999999999739e+01
5.238999899999999599e+01
5.190599799999999675e+01
5.332199899999999815e+01
5.147000100000000344e+01
5.009199900000000127e+01
5.040000200000000063e+01
4.950199899999999786e+01
4.711999899999999997e+01
4.976800200000000274e+01
4.800000000000000000e+01
4.732600000000000051e+01
4.601599900000000076e+01
4.418600099999999742e+01
4.459799999999999898e+01
4.265599799999999675e+01
4.413399899999999576e+01
4.328599899999999678e+01
4.460800199999999904e+01
4.529999899999999968e+01
4.554399899999999946e+01
4.239799899999999866e+01
4.231199999999999761e+01
4.300000000000000000e+01
4.227600100000000083e+01
4.296799899999999894e+01
4.226200099999999793e+01
4.234999799999999937e+01
4.208000200000000035e+01
4.178399999999999892e+01
4.277000000000000313e+01
4.540000200000000063e+01
4.611600100000000424e+01
4.613999899999999599e+01
4.659799999999999898e+01
4.469599900000000048e+01
4.355400099999999952e+01
4.357000000000000028e+01
4.259000000000000341e+01
4.121799899999999894e+01
4.304000100000000373e+01
4.290000200000000063e+01
4.410800199999999904e+01
4.469800200000000245e+01
4.347000100000000344e+01
4.307400100000000265e+01
4.426800200000000274e+01
4.621200200000000535e+01
4.635800199999999904e+01
4.621200200000000535e+01
4.740000200000000063e+01
4.709600100000000111e+01
4.649200100000000191e+01
4.554000100000000373e+01
4.550400199999999984e+01
4.534000000000000341e+01
4.494200099999999765e+01
4.504800000000000182e+01
4.350199899999999786e+01
4.436399799999999516e+01
4.441999799999999965e+01
4.678799799999999465e+01
4.657799899999999838e+01
4.633800099999999844e+01
4.699800100000000214e+01
4.643600099999999742e+01
4.611200000000000188e+01
4.629800000000000182e+01
4.601200099999999793e+01
4.732000000000000028e+01
4.770199999999999818e+01
4.614400100000000293e+01
4.527199900000000099e+01
4.400000000000000000e+01
4.283800099999999844e+01
4.357199899999999815e+01
4.280199799999999755e+01
4.232000000000000028e+01
4.240200000000000102e+01
4.044200099999999765e+01
3.979399899999999946e+01
4.174200100000000191e+01
3.988000100000000003e+01
4.031000099999999975e+01
4.095999899999999627e+01
4.001200099999999793e+01
3.934000000000000341e+01
3.847600200000000115e+01
3.815800099999999873e+01
3.799000200000000405e+01
3.775199899999999786e+01
3.848400099999999924e+01
3.671799899999999894e+01
3.413999899999999599e+01
3.425999799999999595e+01
3.142000000000000171e+01
2.846400099999999966e+01
3.010000000000000142e+01
3.039999999999999858e+01
3.100000000000000000e+01
3.173999999999999844e+01
3.179999899999999968e+01
3.448400099999999924e+01
3.273199799999999726e+01
3.402399799999999885e+01
3.523199799999999726e+01
3.454999899999999968e+01
3.572999999999999687e+01
3.774000200000000405e+01
3.847999999999999687e+01
3.884999799999999937e+01
3.674599800000000016e+01
3.765599799999999675e+01
3.959999799999999937e+01
3.953599899999999678e+01
4.070000100000000032e+01
4.090399899999999889e+01
4.200000000000000000e+01
4.158599900000000105e+01
4.252999899999999656e+01
4.285399999999999920e+01
4.359999799999999937e+01
4.429399899999999946e+01
4.582000000000000028e+01
4.706800100000000242e+01
4.744200099999999765e+01
4.647399899999999917e+01
4.315599799999999675e+01
4.632199899999999815e+01
4.597800099999999901e+01
4.701800200000000274e+01
4.586800000000000210e+01
4.896600000000000108e+01
4.982400100000000265e+01
4.809999799999999937e+01
5.079399899999999946e+01
5.329000100000000373e+01
5.209999799999999937e+01
5.020000100000000032e+01
4.990000200000000063e+01
4.970199999999999818e+01
5.059999799999999937e+01
5.026200099999999793e+01
5.044599900000000048e+01
5.062400099999999981e+01
4.925199899999999786e+01
4.979800000000000182e+01
4.977799999999999869e+01
5.060200100000000134e+01
5.040999999999999659e+01
5.054999899999999968e+01
4.997000100000000344e+01
4.962799799999999806e+01
4.829999899999999968e+01
4.747200000000000131e+01
4.605799900000000235e+01
4.569200099999999765e+01
4.217399999999999949e+01
4.314400100000000293e+01
4.150999799999999595e+01
4.151800200000000274e+01
4.228799799999999465e+01
4.155599999999999739e+01
4.163000100000000003e+01
4.181000099999999975e+01
4.183000200000000035e+01
4.272399899999999917e+01
4.339799899999999866e+01
4.397399899999999917e+01
4.332000000000000028e+01
4.358200099999999821e+01
4.409999799999999937e+01
4.499800100000000214e+01
4.460800199999999904e+01
4.429600100000000396e+01
4.391799900000000179e+01
4.400000000000000000e+01
4.359999799999999937e+01
4.444800200000000245e+01
4.675999799999999595e+01
4.699599800000000016e+01
4.547800099999999901e+01
4.390000200000000063e+01
4.377600100000000083e+01
4.338999899999999599e+01
4.348400099999999924e+01
4.356199999999999761e+01
4.390000200000000063e+01
4.413600200000000484e+01
3.989400100000000293e+01
3.913799999999999812e+01
3.800999799999999595e+01
3.817200100000000162e+01
4.037799799999999806e+01
4.102600100000000083e+01
4.259400200000000325e+01
4.122800099999999901e+01
4.194599900000000048e+01
4.200000000000000000e+01
4.261999899999999997e+01
4.356000099999999975e+01
4.399200100000000191e+01
4.482000000000000028e+01
4.509999799999999937e+01
4.462400099999999981e+01
4.450400199999999984e+01
4.392800100000000185e+01
4.500000000000000000e+01
4.529399899999999946e+01
4.520000100000000032e+01
4.439799899999999866e+01
4.445399899999999604e+01
4.553799799999999465e+01
4.586800000000000210e+01
4.559000000000000341e+01
4.613999899999999599e+01
4.709999799999999937e+01
4.587400099999999981e+01
4.547399899999999917e+01
4.513799999999999812e+01
4.600000000000000000e+01
4.559999799999999937e+01
4.536399799999999516e+01
4.564799899999999866e+01
4.523400099999999924e+01
4.508200099999999821e+01
4.520399899999999604e+01
4.509799999999999898e+01
4.486600100000000424e+01
4.476400000000000290e+01
4.470799999999999841e+01
4.483400000000000318e+01
4.486399799999999516e+01
4.540999999999999659e+01
4.462200200000000194e+01
4.442800100000000185e+01
4.402999899999999656e+01
4.322200000000000131e+01
4.208599900000000105e+01
4.180199799999999755e+01
4.046600000000000108e+01
3.980400099999999952e+01
4.109999799999999937e+01
3.990999999999999659e+01
3.981800100000000242e+01
3.900000000000000000e+01
3.941199900000000156e+01
3.915000200000000063e+01
3.929800000000000182e+01
4.008400000000000318e+01
4.140000200000000063e+01
4.136999899999999997e+01
4.127399799999999885e+01
4.127999899999999656e+01
4.119800200000000245e+01
4.129999899999999968e+01
4.192999999999999972e+01
4.150199899999999786e+01
4.111999899999999997e+01
4.044200099999999765e+01
4.245999899999999627e+01
4.261999899999999997e+01
4.244800200000000245e+01
4.049200100000000191e+01
4.020000100000000032e+01
4.027000000000000313e+01
4.036999899999999997e+01
4.018999900000000025e+01
4.009999799999999937e+01
4.013199999999999790e+01
3.940999999999999659e+01
3.919800200000000245e+01
3.994800200000000245e+01
4.042399999999999949e+01
3.972000100000000344e+01
4.020000100000000032e+01
4.058000200000000035e+01
4.020000100000000032e+01
4.226800200000000274e+01
4.079999899999999968e+01
4.049800100000000214e+01
3.960800199999999904e+01
3.800999799999999595e+01
3.779999899999999968e+01
3.779999899999999968e+01
3.871799899999999894e+01
3.875799899999999809e+01
3.737599900000000019e+01
3.820999899999999627e+01
3.684799999999999898e+01
3.759999799999999937e+01
3.655599999999999739e+01
3.652999899999999656e+01
3.669800200000000245e+01
3.813000100000000003e+01
3.700799899999999809e+01
3.716799900000000179e+01
3.812200200000000194e+01
3.872800099999999901e+01
3.909600100000000111e+01
3.911200000000000188e+01
3.820000100000000032e+01
3.765000200000000063e+01
3.657600000000000051e+01
3.650199899999999786e+01
3.710399999999999920e+01
3.722999999999999687e+01
3.840999999999999659e+01
3.817399999999999949e+01
3.856000099999999975e+01
3.863600200000000484e+01
3.974800100000000214e+01
3.968199899999999758e+01
3.961600100000000424e+01
4.049800100000000214e+01
4.061000100000000401e+01
4.168999900000000025e+01
4.164400100000000293e+01
4.159999799999999937e+01
4.297600200000000115e+01
4.430599999999999739e+01
4.371200200000000535e+01
4.325999799999999595e+01
4.297200000000000131e+01
4.295000100000000032e+01
4.528399999999999892e+01
4.538600200000000484e+01
4.579399899999999946e+01
4.640000200000000063e+01
4.581399900000000258e+01
4.581199999999999761e+01
4.600000000000000000e+01
4.734000000000000341e+01
4.733000200000000035e+01
4.945000100000000032e+01
4.909199900000000127e+01
4.916999799999999965e+01
5.000000000000000000e+01
5.146200200000000535e+01
5.085800199999999904e+01
5.027600100000000083e+01
5.050600099999999770e+01
4.984799999999999898e+01
5.061000100000000401e+01
4.966799900000000179e+01
5.038199999999999790e+01
5.020000100000000032e+01
5.163799999999999812e+01
5.147000100000000344e+01
5.325000000000000000e+01
5.395799999999999841e+01
5.414799899999999866e+01
5.580599999999999739e+01
5.600000000000000000e+01
5.552000000000000313e+01
5.315999999999999659e+01
5.509000000000000341e+01
5.606199999999999761e+01
5.279999899999999968e+01
5.053200100000000106e+01
4.963399899999999576e+01
4.883800099999999844e+01
5.083599900000000105e+01
4.994200099999999765e+01
5.014799899999999866e+01
4.958200099999999821e+01
5.038399899999999576e+01
4.940000200000000063e+01
4.952600100000000083e+01
4.924200100000000191e+01
4.896400100000000322e+01
4.922200000000000131e+01
5.140000200000000063e+01
5.247999999999999687e+01
5.279999899999999968e+01
5.211999899999999997e+01
5.256600200000000456e+01
5.031199999999999761e+01
5.107799899999999838e+01
5.113999899999999599e+01
5.211999899999999997e+01
5.540399899999999889e+01
5.566799900000000179e+01
5.560800199999999904e+01
5.574599800000000016e+01
5.738000100000000003e+01
5.937799799999999806e+01
6.040800099999999873e+01
5.937599900000000019e+01
5.950000000000000000e+01
6.183000200000000035e+01
6.267599899999999735e+01
6.126800200000000274e+01
5.934000000000000341e+01
6.054000100000000373e+01
5.993999900000000025e+01
6.049200100000000191e+01
6.130199799999999755e+01
6.040000200000000063e+01
6.184400200000000325e+01
6.159999799999999937e+01
6.247399899999999917e+01
6.233800099999999844e+01
6.196600000000000108e+01
6.297600200000000115e+01
6.480000300000000379e+01
6.353399999999999892e+01
6.148799900000000207e+01
5.959999799999999937e+01
6.217999999999999972e+01
6.187599900000000019e+01
6.431199599999999350e+01
6.468000000000000682e+01
6.509600100000000111e+01
6.367599899999999735e+01
6.351800200000000274e+01
6.287799799999999806e+01
6.140000200000000063e+01
6.309999799999999937e+01
6.256000099999999975e+01
6.209199900000000127e+01
6.130199799999999755e+01
6.220399899999999604e+01
6.345600100000000054e+01
6.519999699999999621e+01
6.753800200000000586e+01
6.880000300000000379e+01
6.795400200000000268e+01
6.769999699999999621e+01
6.894000200000000689e+01
7.126799799999999152e+01
7.275000000000000000e+01
7.488400300000000698e+01
7.159799999999999898e+01
7.352400199999999586e+01
7.621800199999999847e+01
7.450000000000000000e+01
7.559600100000000111e+01
7.500000000000000000e+01
7.533400000000000318e+01
7.487000299999999697e+01
7.559799999999999898e+01
7.648999799999999993e+01
7.733799700000000144e+01
7.527999900000000366e+01
7.333599900000000105e+01
7.412200199999999484e+01
7.274199699999999780e+01
7.404799699999999518e+01
6.944000200000000689e+01
6.345199999999999818e+01
6.270000100000000032e+01
6.258000200000000035e+01
6.320000100000000032e+01
6.608000200000000746e+01
6.602200299999999800e+01
6.463800000000000523e+01
6.510800199999999904e+01
6.350000000000000000e+01
6.564600400000000491e+01
6.537999700000000303e+01
6.589199800000000096e+01
6.604799699999999518e+01
6.900000000000000000e+01
6.807199900000000525e+01
6.919999699999999621e+01
6.737799800000000516e+01
6.709999799999999937e+01
6.459999799999999937e+01
6.378799799999999465e+01
6.906600199999999745e+01
6.940000200000000063e+01
7.147000099999999634e+01
7.150599699999999359e+01
7.219999699999999621e+01
7.231999999999999318e+01
7.139399699999999882e+01
7.292600300000000857e+01
7.304000100000000373e+01
7.259999799999999937e+01
7.224199699999999780e+01
7.058200100000000532e+01
6.916400099999999895e+01
6.822599800000000414e+01
6.779799699999999518e+01
7.050399799999999573e+01
7.084799999999999898e+01
6.945600100000000054e+01
6.789600400000000491e+01
6.993399800000000255e+01
7.070999899999999627e+01
7.122399899999999207e+01
7.076000200000000007e+01
6.990000200000000063e+01
6.919599900000000048e+01
6.979799699999999518e+01
7.026999700000000360e+01
7.289800300000000277e+01
7.276399999999999579e+01
7.286599699999999302e+01
7.490200000000000102e+01
7.605000300000000379e+01
7.600000000000000000e+01
7.459999799999999937e+01
7.498000299999999640e+01
7.329799699999999518e+01
7.062999700000000303e+01
7.018599700000000041e+01
6.998000299999999640e+01
6.797599800000000414e+01
6.837200199999999484e+01
6.850399799999999573e+01
6.718000000000000682e+01
7.025000000000000000e+01
7.119999699999999621e+01
7.062000299999999697e+01
6.993000000000000682e+01
6.936000099999999691e+01
7.077800000000000580e+01
7.058999599999999930e+01
7.139600400000000491e+01
7.075199899999999786e+01
7.018199900000000468e+01
7.119400000000000261e+01
7.111199999999999477e+01
7.053800200000000586e+01
6.997599800000000414e+01
6.776000200000000007e+01
6.733999599999999930e+01
6.555599999999999739e+01
6.395000100000000032e+01
6.383599900000000105e+01
6.404599799999999732e+01
6.644999699999999621e+01
6.002600100000000083e+01
5.990000200000000063e+01
6.140000200000000063e+01
6.020399899999999604e+01
6.109999799999999937e+01
6.050000000000000000e+01
6.050000000000000000e+01
6.002600100000000083e+01
6.300000000000000000e+01
6.120199999999999818e+01
6.279800000000000182e+01
6.513400300000000698e+01
6.275799899999999809e+01
6.217200100000000162e+01
6.335399999999999920e+01
6.275799899999999809e+01
6.265000200000000063e+01
6.327199900000000099e+01
6.345999899999999627e+01
6.171200200000000535e+01
6.108800099999999844e+01
6.129999899999999968e+01
6.040000200000000063e+01
6.002000000000000313e+01
6.240000200000000063e+01
6.291999799999999965e+01
6.292599899999999735e+01
6.608999599999999930e+01
6.818599700000000041e+01
6.820200300000000482e+01
6.840799699999999461e+01
6.898000299999999640e+01
6.805200200000000166e+01
6.653800200000000586e+01
6.591799899999999468e+01
6.590200000000000102e+01
6.476599899999999366e+01
6.320000100000000032e+01
6.234999799999999937e+01
6.323599999999999710e+01
6.240000200000000063e+01
6.419999699999999621e+01
6.257400100000000265e+01
6.332400100000000265e+01
6.320000100000000032e+01
6.703199800000000153e+01
6.644000200000000689e+01
6.704799699999999518e+01
6.772599800000000414e+01
6.750800300000000220e+01
6.809400200000000325e+01
6.913400300000000698e+01
6.900000000000000000e+01
6.987999700000000303e+01
7.200000000000000000e+01
7.091599999999999682e+01
6.965399899999999889e+01
6.830000300000000379e+01
6.797000099999999634e+01
6.902800000000000580e+01
6.950199899999999786e+01
7.019999699999999621e+01
6.968800400000000650e+01
6.759400200000000325e+01
6.504200000000000159e+01
6.779799699999999518e+01
6.866200299999999856e+01
6.398599999999999710e+01
6.322600200000000115e+01
6.300400199999999984e+01
6.416799899999999468e+01
6.490000200000000063e+01
6.650000000000000000e+01
6.689399699999999882e+01
6.720600100000000054e+01
6.710600300000000118e+01
6.956600199999999745e+01
7.069999699999999621e+01
7.125000000000000000e+01
7.051399999999999579e+01
6.900199899999999786e+01
6.539600400000000491e+01
6.647799700000000200e+01
6.675000000000000000e+01
6.508799700000000144e+01
6.657199900000000525e+01
6.481999999999999318e+01
6.572199999999999420e+01
6.572199999999999420e+01
6.735199699999999723e+01
6.587599899999999309e+01
6.458599900000000105e+01
6.329999899999999968e+01
6.297399899999999917e+01
6.204999899999999968e+01
6.277799999999999869e+01
6.225000000000000000e+01
6.146799899999999894e+01
6.079999899999999968e+01
5.291599999999999682e+01
5.129800000000000182e+01
5.125199899999999786e+01
5.396400100000000322e+01
5.055599999999999739e+01
5.786800000000000210e+01
6.020000100000000032e+01
6.007400100000000265e+01
5.979399899999999946e+01
6.014799899999999866e+01
6.046400100000000322e+01
6.072000100000000344e+01
5.979999899999999968e+01
5.777399799999999885e+01
5.821600000000000108e+01
5.821600000000000108e+01
5.903399999999999892e+01
5.825799899999999809e+01
5.700000000000000000e+01
5.670000100000000032e+01
5.575000000000000000e+01
5.707400100000000265e+01
5.872200000000000131e+01
5.870199999999999818e+01
5.971400100000000322e+01
5.575799899999999809e+01
5.659999799999999937e+01
5.950000000000000000e+01
6.015999999999999659e+01
6.008200099999999821e+01
6.150000000000000000e+01
6.154000100000000373e+01
6.066400099999999895e+01
5.700199899999999786e+01
5.676599900000000076e+01
5.717999999999999972e+01
5.692999999999999972e+01
5.626599900000000076e+01
5.755199799999999755e+01
5.555199799999999755e+01
5.567999999999999972e+01
5.552600100000000083e+01
5.570199999999999818e+01
5.665800099999999873e+01
5.744200099999999765e+01
5.717200100000000162e+01
5.886800000000000210e+01
5.954000100000000373e+01
6.009999799999999937e+01
6.322999999999999687e+01
6.379999899999999968e+01
6.450199899999999786e+01
6.894000200000000689e+01
6.934200300000000539e+01
6.952600100000000793e+01
7.076799799999999152e+01
7.108000200000000746e+01
7.303199800000000153e+01
7.160800199999999904e+01
7.240000200000000063e+01
7.030799899999999525e+01
6.602400199999999586e+01
6.720999899999999627e+01
6.900000000000000000e+01
6.973200200000000848e+01
7.066599999999999682e+01
7.201399999999999579e+01
6.634999799999999937e+01
6.275199899999999786e+01
6.099000200000000405e+01
6.239799899999999866e+01
6.491200299999999856e+01
6.315999999999999659e+01
6.428600300000000800e+01
6.311600100000000424e+01
6.234199900000000127e+01
6.176200099999999793e+01
6.500000000000000000e+01
6.326599900000000076e+01
6.424600200000000427e+01
6.036800000000000210e+01
6.088399899999999576e+01
5.934799999999999898e+01
6.097000100000000344e+01
6.145000100000000032e+01
5.917999999999999972e+01
5.845000100000000032e+01
5.959799999999999898e+01
6.568800400000000650e+01
6.956199599999999350e+01
6.909200300000000539e+01
6.876799799999999152e+01
7.381800099999999532e+01
7.311000099999999691e+01
7.080000300000000379e+01
7.222599800000000414e+01
7.169000200000000689e+01
6.838200400000000911e+01
6.798200200000000848e+01
6.469999699999999621e+01
5.834000000000000341e+01
6.212200200000000194e+01
6.417400400000001071e+01
6.382799899999999838e+01
6.413999900000000309e+01
6.359999799999999937e+01
6.368199899999999758e+01
6.205400099999999952e+01
6.045199999999999818e+01
6.040000200000000063e+01
5.938799999999999812e+01
5.700999799999999595e+01
5.695999899999999627e+01
5.202000000000000313e+01
5.465200000000000102e+01
5.589400100000000293e+01
5.628799799999999465e+01
5.760399999999999920e+01
5.775199899999999786e+01
5.800799899999999809e+01
5.933800099999999844e+01
5.610200100000000134e+01
6.071200200000000535e+01
5.954000100000000373e+01
5.969599900000000048e+01
6.000000000000000000e+01
6.038199999999999790e+01
6.258000200000000035e+01
5.405199799999999755e+01
6.115399899999999889e+01
6.279000100000000373e+01
6.066599999999999682e+01
5.879000100000000373e+01
5.492999999999999972e+01
5.290399899999999889e+01
5.104999899999999968e+01
5.292200100000000162e+01
5.150600099999999770e+01
5.220000100000000032e+01
5.181199999999999761e+01
5.313999899999999599e+01
5.647999999999999687e+01
5.385800199999999904e+01
5.347800099999999901e+01
5.213600200000000484e+01
5.277399799999999885e+01
6.020999899999999627e+01
6.344400000000000261e+01
6.165000200000000063e+01
6.749400300000000641e+01
6.567800099999999475e+01
6.650800300000000220e+01
6.765200000000000102e+01
6.874800100000000214e+01
6.809999799999999937e+01
6.781400299999999959e+01
6.866799899999999468e+01
6.969999699999999621e+01
6.980000300000000379e+01
6.967400400000001071e+01
6.663200400000000911e+01
6.854000100000000373e+01
6.846600300000000061e+01
6.903800200000000586e+01
7.126799799999999152e+01
6.834999799999999937e+01
7.040000200000000063e+01
6.687000299999999697e+01
6.500000000000000000e+01
6.801000200000000007e+01
6.919799799999999834e+01
6.940000200000000063e+01
6.836599699999999302e+01
7.200000000000000000e+01
7.120999899999999627e+01
7.120200300000000482e+01
7.380000300000000379e+01
7.200000000000000000e+01
7.398200200000000848e+01
7.388400300000000698e+01
7.402999900000000366e+01
7.500000000000000000e+01
7.240000200000000063e+01
7.010800199999999904e+01
6.751999700000000360e+01
6.541000400000000070e+01
6.347999999999999687e+01
6.270000100000000032e+01
6.000000000000000000e+01
6.396799899999999894e+01
6.462000299999999697e+01
6.755799899999999525e+01
6.122000100000000344e+01
6.140000200000000063e+01
6.120000100000000032e+01
6.434400200000000325e+01
6.839199800000000096e+01
